2000
27
43
23
37
40
3
31
14
49
40
29
13
25
42
38
23
10
2
43
38
14
14
39
8
37
37
6
10
39
15
1
16
39
20
45
25
10
47
47
5
39
12
26
4
2
23
33
36
46
40
20
40
39
23
17
4
38
41
5
49
21
40
37
38
29
36
28
21
39
39
15
11
19
27
15
9
37
36
9
28
12
8
45
5
17
10
7
31
4
3
38
22
8
15
17
28
18
8
40
5
6
14
19
11
5
37
44
21
42
12
5
17
9
44
18
21
20
17
43
20
33
20
20
44
39
4
29
41
31
12
23
10
19
6
23
22
13
10
2
7
12
9
32
18
36
18
22
2
15
46
35
27
3
14
31
4
12
17
15
11
13
49
47
49
26
17
17
3
44
4
10
14
35
2
40
44
5
49
24
20
4
40
15
15
4
6
33
7
5
41
29
27
33
11
47
19
3
11
17
6
11
3
19
5
16
14
11
49
41
21
25
39
41
13
9
39
16
41
23
14
3
45
30
6
31
44
2
43
41
37
38
19
28
25
2
6
35
33
42
21
40
11
36
21
48
29
37
24
12
9
41
21
17
1
49
17
9
3
4
37
11
4
7
2
16
33
24
27
38
43
32
39
13
14
25
46
22
37
27
22
32
27
1
35
33
15
3
23
32
49
47
11
44
44
9
42
39
25
1
37
9
11
20
27
35
32
43
16
24
20
34
24
28
41
4
1
39
21
37
15
12
20
49
20
47
41
48
39
31
17
3
35
31
8
35
42
47
6
38
7
49
3
19
2
1
33
37
26
30
3
46
17
12
10
11
18
37
32
8
45
29
29
17
43
18
27
16
38
10
32
3
22
32
26
27
47
24
24
33
16
15
17
23
45
31
19
47
7
43
4
27
46
18
13
27
44
46
23
35
7
23
10
15
44
34
14
40
14
32
36
20
25
42
15
14
39
12
44
33
20
9
18
41
24
39
14
13
1
23
20
4
29
22
16
31
3
27
25
3
22
7
24
26
4
38
28
1
42
36
38
45
44
48
45
24
36
17
7
29
24
16
22
7
8
10
30
42
45
16
21
31
9
5
47
36
14
38
18
47
23
43
46
14
9
35
27
37
30
2
40
10
12
40
34
47
33
25
2
17
35
24
28
22
22
19
22
37
48
28
33
1
2
19
2
28
25
34
1
35
23
1
20
25
30
38
25
43
4
10
30
18
11
19
48
28
48
35
40
39
47
31
19
5
46
29
9
5
9
29
13
18
34
4
2
20
10
16
12
32
35
41
20
11
48
2
33
7
18
28
22
30
21
22
27
28
23
30
42
1
40
20
21
36
49
36
40
16
1
16
2
46
48
34
48
4
25
23
39
10
26
48
14
2
5
30
32
21
31
32
40
26
9
14
34
23
39
33
2
26
10
36
8
28
32
34
41
37
22
25
18
31
42
48
48
35
28
3
47
22
7
28
13
22
22
37
35
27
21
30
32
48
5
44
32
45
13
28
41
33
21
29
29
37
47
38
4
3
26
43
27
5
34
31
30
4
16
7
2
45
3
10
46
28
33
16
24
23
9
2
43
47
44
29
44
27
22
4
40
13
43
49
8
37
46
38
2
43
39
14
44
47
40
24
31
6
3
18
23
24
30
26
19
3
46
3
36
11
3
25
7
15
11
46
27
9
42
34
3
23
48
33
35
11
24
47
45
38
34
7
25
37
8
38
15
32
31
33
40
48
32
49
31
41
17
11
45
24
33
42
32
23
23
47
27
9
46
36
7
30
14
37
15
3
14
42
25
8
36
10
14
33
13
1
33
12
15
20
29
31
27
42
4
47
44
23
33
29
21
8
28
34
36
12
23
2
32
36
42
16
27
17
19
32
6
12
49
3
10
30
2
27
25
31
7
25
21
26
18
21
44
6
37
25
27
7
32
17
2
16
34
25
25
32
31
3
3
31
38
38
16
27
25
21
28
26
48
32
43
43
17
25
43
43
3
49
12
46
30
19
40
30
24
48
45
42
15
39
27
8
9
31
8
4
35
45
12
13
6
12
33
38
27
3
33
30
28
31
18
47
1
38
9
45
27
13
41
15
46
8
42
21
14
2
49
32
6
22
36
44
47
24
26
15
30
9
18
3
12
11
26
33
9
21
45
47
7
21
46
7
36
9
33
42
18
3
8
41
35
5
22
46
9
10
4
15
23
23
43
25
43
44
27
45
17
9
15
48
26
30
20
31
31
15
40
43
10
43
19
21
33
17
41
18
38
46
10
13
49
19
15
28
26
11
43
27
33
13
1
17
38
34
44
28
31
1
30
36
21
2
22
3
19
20
23
45
48
17
19
26
44
20
41
37
2
17
29
17
47
48
25
3
18
11
19
8
12
46
16
37
18
29
49
4
25
43
24
6
27
4
41
27
19
31
46
12
8
14
11
42
43
27
11
33
6
20
17
48
29
41
47
8
11
3
13
47
47
5
28
22
19
21
45
15
5
20
29
35
38
19
16
12
20
8
43
26
27
35
19
27
33
49
22
13
31
14
25
3
37
7
24
33
37
42
11
47
43
24
37
4
2
8
28
40
22
20
24
36
20
26
8
13
22
48
36
21
1
25
41
41
9
13
37
4
17
25
26
38
27
46
37
47
1
24
37
40
4
33
34
8
5
20
45
21
14
35
2
47
35
32
44
10
26
12
1
31
10
19
49
7
19
47
47
41
3
11
28
31
23
33
22
35
34
47
42
17
40
21
14
30
20
35
10
23
35
12
35
26
14
31
33
41
4
10
48
23
32
10
39
48
9
35
39
16
7
19
7
34
31
14
2
34
26
20
24
10
11
35
44
36
14
10
12
10
31
47
12
16
47
41
18
35
1
39
20
18
1
40
35
13
48
36
31
37
3
20
22
49
29
20
38
19
24
17
18
44
35
42
25
28
13
27
6
15
36
16
47
17
33
36
26
40
14
44
13
13
10
19
9
48
34
30
4
4
41
29
6
26
20
2
43
25
17
32
35
25
14
9
36
12
14
3
2
5
42
40
30
14
22
23
21
21
1
38
8
43
47
42
9
5
25
14
23
38
40
49
38
41
28
6
25
6
36
4
7
32
33
37
47
33
36
2
34
36
15
1
34
17
46
41
38
19
45
29
10
23
43
17
47
39
10
10
2
25
6
19
8
22
23
12
26
31
15
22
19
46
4
7
13
7
45
25
13
9
10
32
37
29
41
7
43
4
12
32
26
41
32
35
46
9
19
17
27
29
9
6
27
27
20
3
6
29
12
1
1
38
7
43
29
45
45
7
32
17
36
2
4
34
22
5
30
4
41
14
18
29
13
40
37
2
27
43
44
37
4
13
28
46
5
26
44
5
8
40
26
30
33
22
15
10
12
40
29
31
21
1
20
42
42
3
14
47
13
47
9
35
19
2
7
15
14
29
44
19
1
25
13
27
1
20
45
29
43
18
24
7
41
7
29
7
37
46
34
45
22
16
16
26
44
44
13
3
4
49
28
8
4
18
10
44
17
28
10
12
39
27
15
16
48
6
21
34
23
45
49
36
7
18
26
12
31
14
23
12
34
27
30
34
27
32
14
33
15
11
10
46
42
5
38
42
14
5
9
15
49
27
24
21
29
27
48
16
33
18
25
11
40
44
31
14
24
7
37
28
29
36
28
48
28
27
36
19
23
44
11
40
29
28
3
17
37
32
1
13
35
29
42
24
21
6
25
34
6
25
23
2
22
41
42
3
22
12
38
19
15
37
18
46
45
13
39
11
48
39
30
8
8
26
8
29
28
27
42
5
33
31
32
27
45
4
5
19
31
27
48
14
37
30
21
35
4
37
33
43
16
9
10
34
16
19
29
18
45
26
7
40
48
26
32
40
14
35
40
38
19
38
34
38
42
4
33
13
22
1
16
35
47
20
12
20
24
21
11
42
15
24
6
40
5
20
33
36
37
11
19
22
1
25
40
25
41
1
30
41
46
49
3
26
43
2
17
11
33
45
40
24
34
26
31
48
18
28
42
11
44
37
13
28
35
8
1
35
46
40
14
29
13
38
47
35
44
3
20
24
22
45
16
42
47
25
35
18
35
35
44
39
30
25
13
35
43
34
43
39
17
23
32
37
34
4
32
31
10
1
39
35
5
46
39
27
16
17
35
17
42
31
37
5
47
42
47
18
32
22
7
45
16
38
13
15
13
8
32
14
21
28
6
6
34
36
42
42
3
19
46
30
41
31
22
24
36
39
45
25
21
40
36
10
49
35
22
20
40
5
3
19
38
31
24
9
7
40
30
24
30
19
32
41
2
8
2
25
37
17
18
29
21
44
1
15
29
12
18
11
22
33
44
10
7
31
10
17
19
24
32
39
41
3
16
34
29
18
39
9
10
31
3
42
28
31
20
10
36
20
7
23
49
2
34
9
48
19
44
22
22
16
14
49
8
39
28
39
6
37
24
16
22
15
45
37
2
45
46
9
13
33
7
12
10
20
13
28
37
17
36
26
32
25
24
8
22
38
14
23
46
44
18
35
49
9
30
42